100
1750607
9
4751053
9309119
1264969
5
9999162
2
7551991
9325574
6697461
559513
3949061
8248729
9987391
3023326
9999991
2610613
2044523
1862603
4461642
4170220
6513281
6
3132736
3323191
615403
5462959
2360890
2295773
7
9999930
86293
11
9999971
6865010
928009
8763892
8184167
5388168
7783893
9010879
9999973
2896297
4936439
2196613
8603593
9999997
9999996
1481717
9999931
6735763
6463741
9999163
12
3702389
3855409
3191803
4461643
8291470
592432
8
9971849
9999972
13
8460583
8237213
10000000
9999995
5331653
5103067
140839
9299449
1221469
9999999
4572049
1403870
4
1281246
9999998
3410821
1
9999929
1507483
3929879
4046177
9516811
983469
5094841
7762723
6704676
3
9682616
7203246
4461641
10
8873129
9999161
3877633
1144
